0.0
0.018036454288391193
0.0555162068263028
0.07211964917891966
0.04660982019754588
0.0
-0.010714944915796831
0.07542613650959572
0.15598591741671042
0.1279228175755167
0.0
-0.14909460287466322
-0.24301248240325735
-0.2001759101092629
-0.07537585055476591
0.0
0.00785020731774095
-0.07738805988160144
-0.1548665149021956
-0.12548480829909536
0.08691631739909443
0.099749894482388
0.12027136703976975
0.1184529895271422
0.08550412893611034
0.04346104625768536
0.024747816078651206
0.0524361085442404
0.05281135133274223
-0.024179715610337688
-0.1503254836491922
-0.2713230581914955
-0.2988574063495737
-0.17893297761908447
-0.0067116446497620785
0.07730024873611233
0.08224732713976829
-0.016202638124803444
-0.11880669095383009
-0.11584702404574232
0.1195499665668435
0.1183389166149936
0.10440154708807933
0.07846363246884369
0.05370847359891344
0.04139511494247948
0.03506598277175772
0.016912297524865706
-0.03800903071842875
-0.11816455865149829
-0.18812624789354038
-0.24083755800589543
-0.2290474525893653
-0.12686552603740942
-0.0002832267977061105
0.06481681366167927
0.07932629969254756
0.022809299228010827
-0.050093596693125894
-0.06439205372397681
0.07613002384481651
0.058356316140487835
0.010262406538828098
-0.029457209598676627
-0.028360829034155675
0.004349510359878961
0.02575142265238916
-0.010711820127646939
-0.07845120479211899
-0.11687307622582621
-0.09748130660306009
-0.06567544452927661
-0.050334158130233494
-0.045956182195975734
-0.035358261793886486
-0.008420521286087071
0.02307927054041009
0.04140565476176169
0.03258565411310376
0.009854339781496616
0.012193625272815195
-0.015338941421276552
-0.07868861087074852
-0.11551085063541888
-0.0870176861133126
-0.02029185465190644
0.022965560763475355
-0.016901485431210447
-0.0802309591622189
-0.07937911728808426
0.005668136246053404
0.09598438927754908
0.1068477348535024
0.03185739848866749
-0.046986109236560374
-0.048736095127485904
-0.00585213491863526
0.0625699100829691
0.0949352045831733
0.06310846229284524
0.0
-0.02833695559743915
-0.08893676131075863
-0.11645333391140776
-0.07569105728227735
0.0
0.04497964329154095
-0.00978584845935393
-0.09202303438603911
-0.09654481621019625
0.0
0.1083802920252542
0.14067272502915024
0.0795236106513943
0.0031469323984185567
0.0
0.04185050629472575
0.1054382367944581
0.1244641167732714
0.07459271835128814
-0.030312058200809157
-0.05870942921358047
-0.11332438859580113
-0.13118611537085959
-0.08341805964217833
-0.006739633389479888
0.041069019176913774
-0.002863597268979501
-0.07843968723563143
-0.08909083952799755
-0.007125384914839036
0.09270830321870117
0.14510534649448834
0.12601735923406668
0.0838369038357949
0.0866056045220914
0.11923747250171762
0.15574783578492774
0.14300837159736907
0.07552317380637825
-0.15060579234441598
-0.18472118782475153
-0.2369276878938321
-0.24586850848435815
-0.19111753777836826
-0.11546236728137854
-0.04286866878485318
0.015994461747706218
0.04659934446539864
0.06274183239969612
0.09149128997556541
0.12748107500481648
0.15548162013041214
0.16379501425277074
0.1603578275808889
0.1640830350407087
0.1740697411326293
0.17286673307512515
0.13543046689064686
0.07263495590443625
-0.22630857826687442
-0.26996221388435904
-0.3254722118269592
-0.33127713288112554
-0.27339383524863486
-0.20067181105374224
-0.10006846968863718
0.07267864380206569
0.20942199084836638
0.2325207135240485
0.17953975228436994
0.12199628076081062
0.09904576862683542
0.12251698998293845
0.15696040327242236
0.15832037843415925
0.14243102421993442
0.11497907565978607
0.08051614897139589
0.05112877435554866
-0.16059127118364452
-0.2117002785960526
-0.27258628508456484
-0.2804223071393755
-0.22334056238862793
-0.15337914127680338
-0.04477434561753963
0.1555668970793825
0.2926896805854671
0.26738042571557935
0.14439987580263844
0.021544067981541182
-0.03238249655524884
0.009233298042767558
0.07584042580601821
0.07668847454802957
0.04586426641248265
0.015246238007404727
0.004691268380899381
0.014540872065617015
0.0
-0.05295246423701649
-0.1158428320348896
-0.12526406488280795
-0.06916574867296904
0.0
0.09420878699322399
0.22820340471855216
0.2634030550655632
0.15478492945087097
0.0
-0.13290946626033132
-0.17348402405030625
-0.0993073743720849
-0.005256627279206345
0.0
-0.032129749186881794
-0.05436922281448699
-0.046806420707058
-0.01911469439735286
0.1380202780907455
0.08277452974596623
0.020075740554116095
0.010844266490706139
0.06449091684253833
0.1286506168039218
0.19948768572797126
0.24903779625660827
0.16963444156635088
-0.019712986304948776
-0.1940567150448523
-0.3205549039839772
-0.3226106162346305
-0.18980343227701207
-0.05055494881069583
-0.03203249144600281
-0.05953314484930735
-0.07299755976165184
-0.053738594137782814
-0.015752051937688343
0.13353057350932274
0.068985150603371
0.011516806248051563
0.009286630499447723
0.05632023806168747
0.09902527951880402
0.13962498492449663
0.14454285883163234
0.021175718647298857
-0.1961573645946297
-0.3836540528159006
-0.5091754154475189
-0.4629793211267439
-0.24240045673190194
-0.024974307763394314
0.02523791674765219
0.010175679541626518
-0.0011736079931534311
0.018150901350107593
0.06506209064616061
0.017611515363328695
-0.05874269860812534
-0.10313960135907181
-0.08748238533711547
-0.04403999878629419
-0.0302446567535834
-0.011687766202976608
0.02228269403754636
-0.033718849198394
-0.19857918678850692
-0.38408255545523956
-0.5240468172301563
-0.4808365593909701
-0.2364808119421088
0.020062342764293067
0.09904185986708972
0.0980961777938637
0.07456407328170744
0.07265408490940178
0.11696280494532589
-0.06146833360236025
-0.14476799343546287
-0.17338594596140405
-0.13588668606576443
-0.08850883691606112
-0.09381392468809341
-0.0815833022610229
0.014892481386725581
0.06565952749367265
-0.020048905438342174
-0.19479413819162167
-0.35927906263044834
-0.3820626532243566
-0.2106680149315655
0.009807150272504733
0.09497894555023835
0.1015793645411465
0.05824157208622122
0.025556621538732126
0.056869173350281264
0.0
-0.08317679652344696
-0.10077722814763913
-0.047857136521223205
0.007894989066199322
0.0
0.013398886984701295
0.1353855552055881
0.2262463928342996
0.16976404941550702
0.0
-0.18424174715879432
-0.2857569294144417
-0.22069198969849346
-0.07226952532204636
0.0
0.006208526551660848
-0.05085156325822862
-0.10349199427956944
-0.0843819826478558
0.12772081158617385
0.04850474496719933
0.02512347800978526
0.06583964254965702
0.11313330965608294
0.10645100301085325
0.12697073326290967
0.2664150005648892
0.3804797631771783
0.3421279592940533
0.1801753926499249
-0.012510306749688413
-0.1731758846050248
-0.20205208981978806
-0.12947042326080685
-0.08277422772149488
-0.08687270246108064
-0.15486178611597934
-0.21672970704678918
-0.20443743036690287
0.25471911237124145
0.19000870479444
0.12620346920240533
0.09180688297930649
0.08667905452931378
0.08218933229023147
0.12521731568122302
0.30077462161395485
0.45956557880150384
0.4603420329339939
0.3239922422893701
0.1553463301649756
0.006885611905695095
-0.05286187463944535
-0.042859415880082095
-0.04887440094672994
-0.08999076849008221
-0.1658868220720423
-0.2113294433835251
-0.18852297109274171
0.2568465964892246
0.21856374545148066
0.1248570471519307
0.022729902319452874
-0.029178770117675085
-0.024564262771713724
0.041084018044668213
0.2269138266759313
0.391601236425216
0.40689232065220304
0.2975165272898256
0.178716949947575
0.11922830608640071
0.1170650416510049
0.1108254923196159
0.046675517309557116
-0.04328239990257091
-0.11578944531744487
-0.11770430418850411
-0.06559199280731687
0.13138206332409835
0.12058035770009186
0.044588472242931755
-0.05085567777265414
-0.09704706428919053
-0.07726448616551725
-0.005226062445695503
0.14449696492136604
0.2523041395293355
0.2345036618769836
0.13461253427861586
0.057680868536124315
0.09027890099587897
0.16963048702182046
0.18069354661568657
0.08166051532420823
-0.040919205889286554
-0.10163582886245823
-0.05941302721066481
0.02291087215018312
